eMin: -0.211894 at state 0 ( [ +0.000000 +0.000000 +0.000000 ] spin 0 )
HOMO: +0.227545 at state 0 ( [ +0.000000 +0.000000 +0.000000 ] spin 0 )
mu  : +0.238597
LUMO: +0.250371 at state 17 ( [ +0.000000 +0.375000 +0.375000 ] spin 0 )
eMax: +3.631720 at state 4 ( [ +0.000000 +0.000000 +0.500000 ] spin 0 )
HOMO-LUMO gap: +0.022826
Optical gap  : +0.094307 at state 0 ( [ +0.000000 +0.000000 +0.000000 ] spin 0 )
